
SECTION_ID  || MAX(NUMERIC_GRADE)                                                                                                                     
----------  || ------------------                                                                                                                     
       155  ||                 92                                                                                                                     
       144  ||                 92                                                                                                                     
        88  ||                 99                                                                                                                     
       149  ||                 83                                                                                                                     
       133  ||                 92                                                                                                                     
       137  ||                 99                                                                                                                     
       115  ||                 76                                                                                                                     
        82  ||                 77                                                                                                                     

8 rows selected.

